***************************************************************************
**  THIS IS AN EXACT COPY OF THE ORIGINAL FILE USED FOR ACQUISITION.     **
**  THIS HEADER HAS BEEN ADDED TO IDENTIFY THIS AS A 'REFERENCE ONLY'    **
**  FILE.  IT IS MEANT ONLY FOR ARCHIVAL AND DIAGNOSTIC PURPOSES.        **
***************************************************************************

1250051.44
1249426.50
1248801.55
1248176.61
1247551.66
1246926.71
1246301.77
1245676.82
1245051.88
1244426.93
1243801.98
1243177.04
1242552.09
1241927.15
1241302.20
1240677.25
1240052.31
1239427.36
1238802.42
1238177.47
1237552.53
1236927.58
1236302.63
1235677.69
1235052.74
1234427.80
1233802.85
1233177.90
1232552.96
1231928.01
1231303.07
1230678.12
1230053.17
1229428.23
1228803.28
1228178.34
1227553.39
1226928.44
1226303.50
1225678.55
1225053.61
1224428.66
1223803.72
1223178.77
1222553.82
1221928.88
1221303.93
1220678.99
1220054.04
1219429.09
1218804.15
1218179.20
1217554.26
1216929.31
1216304.36
1215679.42
1215054.47
1214429.53
1213804.58
1213179.64
1212554.69
1211929.74
1211304.80
1210679.85
1210054.91
1209429.96
1208805.01
1208180.07
1207555.12
1206930.18
1206305.23
1205680.28
1205055.34
1204430.39
1203805.45
1203180.50
1202555.55
1201930.61
1201305.66
1200680.72
1200055.77
1199430.83
1198805.88
1198180.93
1197555.99
1196931.04
1196306.10
1195681.15
1195056.20
1194431.26
1193806.31
1193181.37
1192556.42
1191931.47
1191306.53
1190681.58
1190056.64
1189431.69
1188806.74
1188181.80
1187556.85
1186931.91
1186306.96
1185682.02
1185057.07
1184432.12
1183807.18
1183182.23
1182557.29
1181932.34
1181307.39
1180682.45
1180057.50
1179432.56
1178807.61
1178182.66
1177557.72
1176932.77
1176307.83
1175682.88
1175057.93
1174432.99
1173808.04
1173183.10
1172558.15
1171933.21
1171308.26
1170683.31
1170058.37
1169433.42
1168808.48
1168183.53
1167558.58
1166933.64
1166308.69
1165683.75
1165058.80
1164433.85
1163808.91
1163183.96
1162559.02
1161934.07
1161309.12
1160684.18
1160059.23
1159434.29
1158809.34
1158184.40
1157559.45
1156934.50
1156309.56
1155684.61
1155059.67
1154434.72
1153809.77
1153184.83
1152559.88
1151934.94
1151309.99
1150685.04
1150060.10
1149435.15
1148810.21
1148185.26
1147560.31
1146935.37
1146310.42
1145685.48
1145060.53
1144435.59
1143810.64
1143185.69
1142560.75
1141935.80
1141310.86
1140685.91
1140060.96
1139436.02
1138811.07
1138186.13
1137561.18
1136936.23
1136311.29
1135686.34
1135061.40
1134436.45
1133811.51
1133186.56
1132561.61
1131936.67
1131311.72
1130686.78
1130061.83
1129436.88
1128811.94
1128186.99
1127562.05
1126937.10
1126312.15
1125687.21
1125062.26
1124437.32
1123812.37
1123187.42
1122562.48
1121937.53
1121312.59
1120687.64
1120062.70
1119437.75
1118812.80
1118187.86
1117562.91
1116937.97
1116313.02
1115688.07
1115063.13
1114438.18
1113813.24
1113188.29
1112563.34
1111938.40
1111313.45
1110688.51
1110063.56
1109438.61
1108813.67
1108188.72
1107563.78
1106938.83
1106313.89
1105688.94
1105063.99
1104439.05
1103814.10
1103189.16
1102564.21
1101939.26
1101314.32
1100689.37
1100064.43
1099439.48
1098814.53
1098189.59
1097564.64
1096939.70
1096314.75
1095689.80
1095064.86
1094439.91
1093814.97
1093190.02
1092565.08
1091940.13
1091315.18
1090690.24
1090065.29
1089440.35
1088815.40
1088190.45
1087565.51
1086940.56
1086315.62
1085690.67
1085065.72
1084440.78
1083815.83
1083190.89
1082565.94
1081940.99
1081316.05
1080691.10
1080066.16
1079441.21
1078816.27
1078191.32
1077566.37
1076941.43
1076316.48
1075691.54
1075066.59
1074441.64
1073816.70
1073191.75
1072566.81
1071941.86
1071316.91
1070691.97
1070067.02
1069442.08
1068817.13
1068192.18
1067567.24
1066942.29
1066317.35
1065692.40
1065067.46
1064442.51
1063817.56
1063192.62
1062567.67
1061942.73
1061317.78
1060692.83
1060067.89
1059442.94
1058818.00
1058193.05
1057568.10
1056943.16
1056318.21
1055693.27
1055068.32
1054443.37
1053818.43
1053193.48
1052568.54
1051943.59
1051318.65
1050693.70
1050068.75
1049443.81
1048818.86
1048193.92
1047568.97
1046944.02
1046319.08
1045694.13
1045069.19
1044444.24
1043819.29
1043194.35
1042569.40
1041944.46
1041319.51
1040694.57
1040069.62
1039444.67
1038819.73
1038194.78
1037569.84
1036944.89
1036319.94
1035695.00
1035070.05
1034445.11
1033820.16
1033195.21
1032570.27
1031945.32
1031320.38
1030695.43
1030070.48
1029445.54
1028820.59
1028195.65
1027570.70
1026945.76
1026320.81
1025695.86
1025070.92
1024445.97
1023821.03
1023196.08
1022571.13
1021946.19
1021321.24
1020696.30
1020071.35
1019446.40
1018821.46
1018196.51
1017571.57
1016946.62
1016321.67
1015696.73
1015071.78
1014446.84
1013821.89
1013196.95
1012572.00
1011947.05
1011322.11
1010697.16
1010072.22
1009447.27
1008822.32
1008197.38
1007572.43
1006947.49
1006322.54
1005697.59
1005072.65
1004447.70
1003822.76
1003197.81
1002572.86
1001947.92
1001322.97
1000698.03
1000073.08
999448.14
998823.19
998198.24
997573.30
996948.35
996323.41
995698.46
995073.51
994448.57
993823.62
993198.68
992573.73
991948.78
991323.84
990698.89
990073.95
989449.00
988824.05
988199.11
987574.16
986949.22
986324.27
985699.33
985074.38
984449.43
983824.49
983199.54
982574.60
981949.65
981324.70
980699.76
980074.81
979449.87
978824.92
978199.97
977575.03
976950.08
976325.14
975700.19
975075.24
974450.30
973825.35
973200.41
972575.46
971950.52
971325.57
970700.62
970075.68
969450.73
968825.79
968200.84
967575.89
966950.95
966326.00
965701.06
965076.11
964451.16
963826.22
963201.27
962576.33
961951.38
961326.43
960701.49
960076.54
959451.60
958826.65
958201.71
957576.76
956951.81
956326.87
955701.92
955076.98
954452.03
953827.08
953202.14
952577.19
951952.25
951327.30
950702.35
950077.41
949452.46
948827.52
948202.57
947577.63
946952.68
946327.73
945702.79
945077.84
944452.90
943827.95
943203.00
942578.06
941953.11
941328.17
940703.22
940078.27
939453.33
938828.38
938203.44
937578.49
936953.54
936328.60
935703.65
935078.71
934453.76
933828.82
933203.87
932578.92
931953.98
931329.03
930704.09
930079.14
929454.19
928829.25
928204.30
927579.36
926954.41
926329.46
925704.52
925079.57
924454.63
923829.68
923204.73
922579.79
921954.84
921329.90
920704.95
920080.01
919455.06
918830.11
918205.17
917580.22
916955.28
916330.33
915705.38
915080.44
914455.49
913830.55
913205.60
912580.65
911955.71
911330.76
910705.82
910080.87
909455.92
908830.98
908206.03
907581.09
906956.14
906331.20
905706.25
905081.30
904456.36
903831.41
903206.47
902581.52
901956.57
901331.63
900706.68
900081.74
899456.79
898831.84
898206.90
897581.95
896957.01
896332.06
895707.11
895082.17
894457.22
893832.28
893207.33
892582.39
891957.44
891332.49
890707.55
890082.60
889457.66
888832.71
888207.76
887582.82
886957.87
886332.93
885707.98
885083.03
884458.09
883833.14
883208.20
882583.25
881958.30
881333.36
880708.41
880083.47
879458.52
878833.58
878208.63
877583.68
876958.74
876333.79
875708.85
875083.90
874458.95
873834.01
873209.06
872584.12
871959.17
871334.22
870709.28
870084.33
869459.39
868834.44
868209.50
867584.55
866959.60
866334.66
865709.71
865084.77
864459.82
863834.87
863209.93
862584.98
861960.04
861335.09
860710.14
860085.20
859460.25
858835.31
858210.36
857585.41
856960.47
856335.52
855710.58
855085.63
854460.69
853835.74
853210.79
852585.85
851960.90
851335.96
850711.01
850086.06
849461.12
848836.17
848211.23
847586.28
846961.33
846336.39
845711.44
845086.50
844461.55
843836.60
843211.66
842586.71
841961.77
841336.82
840711.88
840086.93
839461.98
838837.04
838212.09
837587.15
836962.20
836337.25
835712.31
835087.36
834462.42
833837.47
833212.52
832587.58
831962.63
831337.69
830712.74
830087.79
829462.85
828837.90
828212.96
827588.01
826963.07
826338.12
825713.17
825088.23
824463.28
823838.34
823213.39
822588.44
821963.50
821338.55
820713.61
820088.66
819463.71
818838.77
818213.82
817588.88
816963.93
816338.98
815714.04
815089.09
814464.15
813839.20
813214.26
812589.31
811964.36
811339.42
810714.47
810089.53
809464.58
808839.63
808214.69
807589.74
806964.80
806339.85
805714.90
805089.96
804465.01
803840.07
803215.12
802590.17
801965.23
801340.28
800715.34
800090.39
799465.45
798840.50
798215.55
797590.61
796965.66
796340.72
795715.77
795090.82
794465.88
793840.93
793215.99
792591.04
791966.09
791341.15
790716.20
790091.26
789466.31
788841.36
788216.42
787591.47
786966.53
786341.58
785716.64
785091.69
784466.74
783841.80
783216.85
782591.91
781966.96
781342.01
780717.07
780092.12
779467.18
778842.23
778217.28
777592.34
776967.39
776342.45
775717.50
775092.56
774467.61
773842.66
773217.72
772592.77
771967.83
771342.88
770717.93
770092.99
769468.04
768843.10
768218.15
767593.20
766968.26
766343.31
765718.37
765093.42
764468.47
763843.53
763218.58
762593.64
761968.69
761343.75
760718.80
760093.85
759468.91
758843.96
758219.02
757594.07
756969.12
756344.18
755719.23
755094.29
754469.34
753844.39
753219.45
752594.50
751969.56
751344.61
750719.66
750094.72
749469.77
748844.83
748219.88
747594.94
746969.99
746345.04
745720.10
745095.15
744470.21
743845.26
743220.31
742595.37
741970.42
741345.48
740720.53
740095.58
739470.64
738845.69
738220.75
737595.80
736970.85
736345.91
735720.96
735096.02
734471.07
733846.13
733221.18
732596.23
731971.29
731346.34
730721.40
730096.45
729471.50
728846.56
728221.61
727596.67
726971.72
726346.77
725721.83
725096.88
724471.94
723846.99
723222.04
722597.10
721972.15
721347.21
720722.26
720097.32
719472.37
718847.42
718222.48
717597.53
716972.59
716347.64
715722.69
715097.75
714472.80
713847.86
713222.91
712597.96
711973.02
711348.07
710723.13
710098.18
709473.23
708848.29
708223.34
707598.40
706973.45
706348.51
705723.56
705098.61
704473.67
703848.72
703223.78
702598.83
701973.88
701348.94
700723.99
700099.05
699474.10
698849.15
698224.21
697599.26
696974.32
696349.37
695724.42
695099.48
694474.53
693849.59
693224.64
692599.70
691974.75
691349.80
690724.86
690099.91
689474.97
688850.02
688225.07
687600.13
686975.18
686350.24
685725.29
685100.34
684475.40
683850.45
683225.51
682600.56
681975.62
681350.67
680725.72
680100.78
679475.83
678850.89
678225.94
677600.99
676976.05
676351.10
675726.16
675101.21
674476.26
673851.32
673226.37
672601.43
671976.48
671351.53
670726.59
670101.64
669476.70
668851.75
668226.81
667601.86
666976.91
666351.97
665727.02
665102.08
664477.13
663852.18
663227.24
662602.29
661977.35
661352.40
660727.45
660102.51
659477.56
658852.62
658227.67
657602.72
656977.78
656352.83
655727.89
655102.94
654478.00
653853.05
653228.10
652603.16
651978.21
651353.27
650728.32
650103.37
649478.43
648853.48
648228.54
647603.59
646978.64
646353.70
645728.75
645103.81
644478.86
643853.91
643228.97
642604.02
641979.08
641354.13
640729.19
640104.24
639479.29
638854.35
638229.40
637604.46
636979.51
636354.56
635729.62
635104.67
634479.73
633854.78
633229.83
632604.89
631979.94
631355.00
630730.05
630105.10
629480.16
628855.21
628230.27
627605.32
626980.38
626355.43
625730.48
625105.54
624480.59
623855.65
623230.70
622605.75
621980.81
621355.86
620730.92
620105.97
619481.02
618856.08
618231.13
617606.19
616981.24
616356.29
615731.35
615106.40
614481.46
613856.51
613231.57
612606.62
611981.67
611356.73
610731.78
610106.84
609481.89
608856.94
608232.00
607607.05
606982.11
606357.16
605732.21
605107.27
604482.32
603857.38
603232.43
602607.48
601982.54
601357.59
600732.65
600107.70
599482.76
598857.81
598232.86
597607.92
596982.97
596358.03
595733.08
595108.13
594483.19
593858.24
593233.30
592608.35
591983.40
591358.46
590733.51
590108.57
589483.62
588858.68
588233.73
587608.78
586983.84
586358.89
585733.95
585109.00
584484.05
583859.11
583234.16
582609.22
581984.27
581359.32
580734.38
580109.43
579484.49
578859.54
578234.59
577609.65
576984.70
576359.76
575734.81
575109.87
574484.92
573859.97
573235.03
572610.08
571985.14
571360.19
570735.24
570110.30
569485.35
568860.41
568235.46
567610.51
566985.57
566360.62
565735.68
565110.73
564485.78
563860.84
563235.89
562610.95
561986.00
561361.06
560736.11
560111.16
559486.22
558861.27
558236.33
557611.38
556986.43
556361.49
555736.54
555111.60
554486.65
553861.70
553236.76
552611.81
551986.87
551361.92
550736.97
550112.03
549487.08
548862.14
548237.19
547612.25
546987.30
546362.35
545737.41
545112.46
544487.52
543862.57
543237.62
542612.68
541987.73
541362.79
540737.84
540112.89
539487.95
538863.00
538238.06
537613.11
536988.16
536363.22
535738.27
535113.33
534488.38
533863.44
533238.49
532613.54
531988.60
531363.65
530738.71
530113.76
529488.81
528863.87
528238.92
527613.98
526989.03
526364.08
525739.14
525114.19
524489.25
523864.30
523239.35
522614.41
521989.46
521364.52
520739.57
520114.63
519489.68
518864.73
518239.79
517614.84
516989.90
516364.95
515740.00
515115.06
514490.11
513865.17
513240.22
512615.27
511990.33
511365.38
510740.44
510115.49
509490.55
508865.60
508240.65
507615.71
506990.76
506365.82
505740.87
505115.92
504490.98
503866.03
503241.09
502616.14
501991.19
501366.25
500741.30
500116.36
499491.41
498866.46
498241.52
497616.57
496991.63
496366.68
495741.74
495116.79
494491.84
493866.90
493241.95
492617.01
491992.06
491367.11
490742.17
490117.22
489492.28
488867.33
488242.38
487617.44
486992.49
486367.55
485742.60
485117.65
484492.71
483867.76
483242.82
482617.87
481992.93
481367.98
480743.03
480118.09
479493.14
478868.20
478243.25
477618.30
476993.36
476368.41
475743.47
475118.52
474493.57
473868.63
473243.68
472618.74
471993.79
471368.84
470743.90
470118.95
469494.01
468869.06
468244.12
467619.17
466994.22
466369.28
465744.33
465119.39
464494.44
463869.49
463244.55
462619.60
461994.66
461369.71
460744.76
460119.82
459494.87
458869.93
458244.98
457620.03
456995.09
456370.14
455745.20
455120.25
454495.31
453870.36
453245.41
452620.47
451995.52
451370.58
450745.63
450120.68
449495.74
448870.79
448245.85
447620.90
446995.95
446371.01
445746.06
445121.12
444496.17
443871.22
443246.28
442621.33
441996.39
441371.44
440746.50
440121.55
439496.60
438871.66
438246.71
437621.77
436996.82
436371.87
435746.93
435121.98
434497.04
433872.09
433247.14
432622.20
431997.25
431372.31
430747.36
430122.41
429497.47
428872.52
428247.58
427622.63
426997.69
426372.74
425747.79
425122.85
424497.90
423872.96
423248.01
422623.06
421998.12
421373.17
420748.23
420123.28
419498.33
418873.39
418248.44
417623.50
416998.55
416373.61
415748.66
415123.71
414498.77
413873.82
413248.88
412623.93
411998.98
411374.04
410749.09
410124.15
409499.20
408874.25
408249.31
407624.36
406999.42
406374.47
405749.52
405124.58
404499.63
403874.69
403249.74
402624.80
401999.85
401374.90
400749.96
400125.01
399500.07
398875.12
398250.17
397625.23
397000.28
396375.34
395750.39
395125.44
394500.50
393875.55
393250.61
392625.66
392000.71
391375.77
390750.82
390125.88
389500.93
388875.99
388251.04
387626.09
387001.15
386376.20
385751.26
385126.31
384501.36
383876.42
383251.47
382626.53
382001.58
381376.63
380751.69
380126.74
379501.80
378876.85
378251.90
377626.96
377002.01
376377.07
375752.12
375127.18
374502.23
373877.28
373252.34
372627.39
372002.45
371377.50
370752.55
370127.61
369502.66
368877.72
368252.77
367627.82
367002.88
366377.93
365752.99
365128.04
364503.09
363878.15
363253.20
362628.26
362003.31
361378.37
360753.42
360128.47
359503.53
358878.58
358253.64
357628.69
357003.74
356378.80
355753.85
355128.91
354503.96
353879.01
353254.07
352629.12
352004.18
351379.23
350754.28
350129.34
349504.39
348879.45
348254.50
347629.56
347004.61
346379.66
345754.72
345129.77
344504.83
343879.88
343254.93
342629.99
342005.04
341380.10
340755.15
340130.20
339505.26
338880.31
338255.37
337630.42
337005.47
336380.53
335755.58
335130.64
334505.69
333880.75
333255.80
332630.85
332005.91
331380.96
330756.02
330131.07
329506.12
328881.18
328256.23
327631.29
327006.34
326381.39
325756.45
325131.50
324506.56
323881.61
323256.67
322631.72
322006.77
321381.83
320756.88
320131.94
319506.99
318882.04
318257.10
317632.15
317007.21
316382.26
315757.31
315132.37
314507.42
313882.48
313257.53
312632.58
312007.64
311382.69
310757.75
310132.80
309507.86
308882.91
308257.96
307633.02
307008.07
306383.13
305758.18
305133.23
304508.29
303883.34
303258.40
302633.45
302008.50
301383.56
300758.61
300133.67
299508.72
298883.77
298258.83
297633.88
297008.94
296383.99
295759.05
295134.10
294509.15
293884.21
293259.26
292634.32
292009.37
291384.42
290759.48
290134.53
289509.59
288884.64
288259.69
287634.75
287009.80
286384.86
285759.91
285134.96
284510.02
283885.07
283260.13
282635.18
282010.24
281385.29
280760.34
280135.40
279510.45
278885.51
278260.56
277635.61
277010.67
276385.72
275760.78
275135.83
274510.88
273885.94
273260.99
272636.05
272011.10
271386.15
270761.21
270136.26
269511.32
268886.37
268261.43
267636.48
267011.53
266386.59
265761.64
265136.70
264511.75
263886.80
263261.86
262636.91
262011.97
261387.02
260762.07
260137.13
259512.18
258887.24
258262.29
257637.34
257012.40
256387.45
255762.51
255137.56
254512.62
253887.67
253262.72
252637.78
252012.83
251387.89
250762.94
250137.99
249513.05
248888.10
248263.16
247638.21
247013.26
246388.32
245763.37
245138.43
244513.48
243888.54
243263.59
242638.64
242013.70
241388.75
240763.81
240138.86
239513.91
238888.97
238264.02
237639.08
237014.13
236389.18
235764.24
235139.29
234514.35
233889.40
233264.45
232639.51
232014.56
231389.62
230764.67
230139.73
229514.78
228889.83
228264.89
227639.94
227015.00
226390.05
225765.10
225140.16
224515.21
223890.27
223265.32
222640.37
222015.43
221390.48
220765.54
220140.59
219515.64
218890.70
218265.75
217640.81
217015.86
216390.92
215765.97
215141.02
214516.08
213891.13
213266.19
212641.24
212016.29
211391.35
210766.40
210141.46
209516.51
208891.56
208266.62
207641.67
207016.73
206391.78
205766.83
205141.89
204516.94
203892.00
203267.05
202642.11
202017.16
201392.21
200767.27
200142.32
199517.38
198892.43
198267.48
197642.54
197017.59
196392.65
195767.70
195142.75
194517.81
193892.86
193267.92
192642.97
192018.02
191393.08
190768.13
190143.19
189518.24
188893.30
188268.35
187643.40
187018.46
186393.51
185768.57
185143.62
184518.67
183893.73
183268.78
182643.84
182018.89
181393.94
180769.00
180144.05
179519.11
178894.16
178269.21
177644.27
177019.32
176394.38
175769.43
175144.49
174519.54
173894.59
173269.65
172644.70
172019.76
171394.81
170769.86
170144.92
169519.97
168895.03
168270.08
167645.13
167020.19
166395.24
165770.30
165145.35
164520.40
163895.46
163270.51
162645.57
162020.62
161395.68
160770.73
160145.78
159520.84
158895.89
158270.95
157646.00
157021.05
156396.11
155771.16
155146.22
154521.27
153896.32
153271.38
152646.43
152021.49
151396.54
150771.60
150146.65
149521.70
148896.76
148271.81
147646.87
147021.92
146396.97
145772.03
145147.08
144522.14
143897.19
143272.24
142647.30
142022.35
141397.41
140772.46
140147.51
139522.57
138897.62
138272.68
137647.73
137022.79
136397.84
135772.89
135147.95
134523.00
133898.06
133273.11
132648.16
132023.22
131398.27
130773.33
130148.38
129523.43
128898.49
128273.54
127648.60
127023.65
126398.70
125773.76
125148.81
124523.87
123898.92
123273.98
122649.03
122024.08
121399.14
120774.19
120149.25
119524.30
118899.35
118274.41
117649.46
117024.52
116399.57
115774.62
115149.68
114524.73
113899.79
113274.84
112649.89
112024.95
111400.00
110775.06
110150.11
109525.17
108900.22
108275.27
107650.33
107025.38
106400.44
105775.49
105150.54
104525.60
103900.65
103275.71
102650.76
102025.81
101400.87
100775.92
100150.98
99526.03
98901.08
98276.14
97651.19
97026.25
96401.30
95776.36
95151.41
94526.46
93901.52
93276.57
92651.63
92026.68
91401.73
90776.79
90151.84
89526.90
88901.95
88277.00
87652.06
87027.11
86402.17
85777.22
85152.27
84527.33
83902.38
83277.44
82652.49
82027.55
81402.60
80777.65
80152.71
79527.76
78902.82
78277.87
77652.92
77027.98
76403.03
75778.09
75153.14
74528.19
73903.25
73278.30
72653.36
72028.41
71403.46
70778.52
70153.57
69528.63
68903.68
68278.74
67653.79
67028.84
66403.90
65778.95
65154.01
64529.06
63904.11
63279.17
62654.22
62029.28
61404.33
